20 190 137
-1 -1 -1 -1 -1 1 1 1 -1 1 1 1 1 1 1 1 -1 1 1 -1 -1 -1 -1 1 -1 1 1 1 1 1 1 1 1 1 1 1 -1 -1 -1 -1 1 1 1 1 1 1 1 1 1 1 1 1 1 1 -1 -1 1 -1 1 1 1 1 1 1 1 1 1 1 -1 -1 -1 1 1 1 1 1 1 1 1 1 1 1 1 1 1 1 1 1 -1 1 1 1 1 1 1 1 1 1 1 -1 -1 -1 -1 -1 -1 -1 -1 -1 -1 -1 -1 -1 -1 -1 -1 -1 -1 -1 -1 -1 -1 -1 -1 -1 -1 -1 -1 -1 -1 -1 -1 -1 -1 -1 -1 -1 -1 -1 -1 -1 -1 -1 -1 1 -1 -1 -1 -1 -1 -1 -1 -1 -1 -1 -1 -1 -1 -1 -1 -1 -1 -1 -1 -1 -1 -1 -1 -1 -1 -1 -1 -1 -1 -1 -1 -1 -1 -1 -1 -1 -1 -1 -1 -1 -1 -1 -1 -1 -1 -1 
5 17 97
4 9 75
4 17 83
9 2 44
9 3 60
9 1 27
2 17 52
3 17 68
17 1 35
22 25 73
22 37 85
23 25 87
23 37 99
25 20 42
25 1 7
37 20 54
37 1 19
69 55 84
69 56 98
69 3 18
69 38 53
69 21 36
55 58 73
55 70 85
56 58 87
56 70 99
58 3 7
58 38 42
3 70 19
38 70 54
89 23 27
89 40 44
89 56 60
89 71 75
111 102 144
119 58 65
119 25 32
116 58 62
116 25 29
122 58 68
122 25 35
100 58 57
100 25 24
113 58 59
113 25 26
117 58 63
117 25 30
58 114 60
58 120 66
58 118 64
58 115 61
58 121 67
25 123 36
25 114 27
25 120 33
25 118 31
25 115 28
25 121 34
123 114 144
134 125 144
142 89 96
142 9 16
89 143 97
89 138 92
89 139 93
89 145 99
89 140 94
89 114 87
89 141 95
89 136 90
89 137 91
89 102 86
89 125 88
138 9 12
139 9 13
9 145 19
9 140 14
9 114 7
9 141 15
9 136 10
9 137 11
9 102 6
9 125 8
153 136 144
161 137 144
138 168 144
139 174 144
140 179 144
183 141 144
142 186 144
188 143 144
188 17 18
173 17 13
189 17 19
185 17 16
122 17 7
110 17 6
160 17 11
133 17 8
17 167 12
17 178 14
17 152 10
17 182 15
188 69 68
69 111 57
69 183 66
69 134 59
69 174 64
69 168 63
69 179 65
69 153 61
69 161 62
69 186 67
180 37 32
180 70 65
187 37 34
187 70 67
169 37 30
169 70 63
189 37 35
189 70 68
135 37 26
135 70 59
154 37 28
154 70 61
145 37 27
145 70 60
145 190 144
184 37 33
184 70 66
112 37 24
112 70 57
162 37 29
162 70 62
37 175 31
37 190 36
175 70 64
1 -1 -1 -1 -1 -1 1 1 1 -1 1 1 1 1 1 1 1 -1 1 1 
-1 1 -1 -1 -1 -1 1 -1 1 1 1 1 1 1 1 1 1 1 1 -1 
-1 -1 1 -1 -1 -1 1 1 1 1 1 1 1 1 1 1 1 1 1 1 
-1 -1 -1 1 -1 -1 1 -1 1 1 1 1 1 1 1 1 1 1 -1 -1 
-1 -1 -1 -1 1 -1 1 1 1 1 1 1 1 1 1 1 1 1 1 1 
-1 -1 -1 -1 -1 1 1 1 1 -1 1 1 1 1 1 1 1 1 1 1 
1 1 1 1 1 1 1 -1 -1 -1 -1 -1 -1 -1 -1 -1 -1 -1 -1 -1 
1 -1 1 -1 1 1 -1 1 -1 -1 -1 -1 -1 -1 -1 -1 -1 -1 -1 -1 
1 1 1 1 1 1 -1 -1 1 -1 -1 -1 -1 -1 -1 -1 -1 -1 -1 -1 
-1 1 1 1 1 -1 -1 -1 -1 1 -1 -1 -1 -1 -1 -1 -1 -1 1 -1 
1 1 1 1 1 1 -1 -1 -1 -1 1 -1 -1 -1 -1 -1 -1 -1 -1 -1 
1 1 1 1 1 1 -1 -1 -1 -1 -1 1 -1 -1 -1 -1 -1 -1 -1 -1 
1 1 1 1 1 1 -1 -1 -1 -1 -1 -1 1 -1 -1 -1 -1 -1 -1 -1 
1 1 1 1 1 1 -1 -1 -1 -1 -1 -1 -1 1 -1 -1 -1 -1 -1 -1 
1 1 1 1 1 1 -1 -1 -1 -1 -1 -1 -1 -1 1 -1 -1 -1 -1 -1 
1 1 1 1 1 1 -1 -1 -1 -1 -1 -1 -1 -1 -1 1 -1 -1 -1 -1 
1 1 1 1 1 1 -1 -1 -1 -1 -1 -1 -1 -1 -1 -1 1 -1 -1 -1 
-1 1 1 1 1 1 -1 -1 -1 -1 -1 -1 -1 -1 -1 -1 -1 1 -1 -1 
1 1 1 -1 1 1 -1 -1 -1 1 -1 -1 -1 -1 -1 -1 -1 -1 1 -1 
1 -1 1 -1 1 1 -1 -1 -1 -1 -1 -1 -1 -1 -1 -1 -1 -1 -1 1 

0 1 2 3 4 5 6 7 8 9 10 11 12 13 14 15 16 17 18 19 
1 0 20 21 22 23 24 25 26 27 28 29 30 31 32 33 34 35 36 37 
2 20 0 38 39 40 41 42 43 44 45 46 47 48 49 50 51 52 53 54 
3 21 38 0 55 56 57 58 59 60 61 62 63 64 65 66 67 68 69 70 
4 22 39 55 0 71 72 73 74 75 76 77 78 79 80 81 82 83 84 85 
5 23 40 56 71 0 86 87 88 89 90 91 92 93 94 95 96 97 98 99 
6 24 41 57 72 86 0 100 101 102 103 104 105 106 107 108 109 110 111 112 
7 25 42 58 73 87 100 0 113 114 115 116 117 118 119 120 121 122 123 124 
8 26 43 59 74 88 101 113 0 125 126 127 128 129 130 131 132 133 134 135 
9 27 44 60 75 89 102 114 125 0 136 137 138 139 140 141 142 143 144 145 
10 28 45 61 76 90 103 115 126 136 0 146 147 148 149 150 151 152 153 154 
11 29 46 62 77 91 104 116 127 137 146 0 155 156 157 158 159 160 161 162 
12 30 47 63 78 92 105 117 128 138 147 155 0 163 164 165 166 167 168 169 
13 31 48 64 79 93 106 118 129 139 148 156 163 0 170 171 172 173 174 175 
14 32 49 65 80 94 107 119 130 140 149 157 164 170 0 176 177 178 179 180 
15 33 50 66 81 95 108 120 131 141 150 158 165 171 176 0 181 182 183 184 
16 34 51 67 82 96 109 121 132 142 151 159 166 172 177 181 0 185 186 187 
17 35 52 68 83 97 110 122 133 143 152 160 167 173 178 182 185 0 188 189 
18 36 53 69 84 98 111 123 134 144 153 161 168 174 179 183 186 188 0 190 
19 37 54 70 85 99 112 124 135 145 154 162 169 175 180 184 187 189 190 0 
